8
8
4
0,1
1,1
2,0
2,1

15
2;0,0;1,0
8;0,0;0,1;1,1;2,1;3,0;3,1;4,0;4,1
8;0,0;1,0;2,0;3,0;4,0;5,0;6,0;7,0
8;0,0;1,0;2,0;3,0;4,0;5,0;6,0;7,0
8;0,0;1,0;2,0;3,0;4,0;5,0;6,0;7,0
8;0,0;1,0;2,0;3,0;4,0;5,0;6,0;7,0
8;0,0;1,0;2,0;3,0;4,0;5,0;6,0;7,0
8;0,0;1,0;2,0;3,0;4,0;5,0;6,0;7,0
2;0,0;0,1
7;0,0;0,1;0,2;1,2;2,0;2,1;2,2
8;0,0;0,1;0,2;0,3;0,4;0,5;0,6;0,7
7;0,0;1,-1;2,-2;3,-3;4,-4;5,-5;6,-6
7;0,0;0,1;0,2;0,3;1,0;2,0;3,0
10;0,0;1,0;2,-3;2,-2;2,-1;2,0;3,-3;3,-2;3,-1;3,0
11;0,0;1,0;2,0;3,0;4,0;5,0;6,0;7,0;7,1;7,2;7,3