64
64
205
25,18
28,18
32,18
35,18
39,18
41,18
43,18
47,18
51,18
25,19
26,19
27,19
32,19
33,19
34,19
38,19
40,19
42,19
47,19
48,19
49,19
50,19
41,28
42,28
43,28
44,28
45,28
46,28
40,29
46,29
46,30
38,31
46,31
37,32
46,32
36,33
46,33
36,34
46,34
47,34
48,34
49,34
50,34
51,34
36,35
45,35
51,35
36,36
44,36
51,36
36,37
43,37
51,37
36,38
42,38
36,39
37,39
38,39
39,39
40,39
41,39
51,39
35,40
41,40
51,40
34,41
41,41
50,41
33,42
41,42
49,42
32,43
41,43
48,43
31,44
41,44
47,44
31,45
41,45
42,45
43,45
44,45
45,45
46,45
31,46
40,46
39,47
31,48
38,48
31,49
37,49
31,50
32,50
33,50
34,50
35,50
36,50
63,58
62,59
61,60
60,61
59,62
58,63
5,0
4,1
3,2
2,3
8,3
1,4
8,4
0,5
7,5
7,6
8,6
9,6
14,6
15,6
16,6
20,6
21,6
22,6
23,6
28,6
29,6
30,6
34,6
38,6
6,7
9,7
13,7
16,7
20,7
23,7
27,7
30,7
34,7
37,7
6,8
9,8
12,8
16,8
19,8
22,8
26,8
28,8
29,8
30,8
34,8
36,8
5,9
8,9
12,9
15,9
19,9
22,9
26,9
34,9
35,9
5,10
8,10
12,10
13,10
14,10
18,10
21,10
26,10
27,10
28,10
34,10
33,11
32,12
50,12
50,13
49,14
27,15
28,15
29,15
34,15
35,15
36,15
40,15
41,15
42,15
43,15
44,15
49,15
50,15
51,15
26,16
29,16
33,16
36,16
40,16
42,16
44,16
48,16
51,16
25,17
32,17
36,17
39,17
41,17
43,17
48,17
51,17

600
9;0,0;0,-1;-1,-1;-2,0;-2,-1;-1,-2;0,-2;1,-2;2,-2
3;0,0;0,1;-1,1
7;0,0;-1,1;-1,2;-1,0;-2,2;0,1;1,0
3;0,0;-1,0;0,-1
8;0,0;0,-1;-1,0;-2,0;-2,1;-3,1;-4,1;-4,2
4;0,0;-1,1;-2,1;0,1
12;0,0;-1,0;-1,1;-2,1;-2,2;-3,3;-3,4;-2,4;-2,5;-3,6;-3,7;-2,6
4;0,0;0,-1;0,-2;-1,-1
10;0,0;-1,1;-2,2;-1,0;0,-1;-1,-1;-2,-1;-3,0;-2,0;0,1
5;0,0;-1,1;-2,1;-3,2;-4,2
10;0,0;-1,0;0,-1;0,-2;1,-2;1,-1;1,0;-1,1;-2,1;-3,2
5;0,0;0,1;0,2;0,3;-1,3
8;0,0;-1,1;1,0;1,1;0,1;1,-1;0,-1;-1,0
6;0,0;-1,0;-2,1;-3,1;-2,2;-3,2
9;0,0;0,-1;-1,-1;-1,1;0,1;1,-1;1,0;0,2;-1,2
6;0,0;-1,1;0,1;1,0;2,0;1,1
8;0,0;-1,0;-1,-1;-2,0;-2,-1;-2,-2;0,1;1,1
7;0,0;0,-1;-1,0;-1,-1;-2,-1;-3,0;-3,1
2;0,0;0,1
7;0,0;-1,1;0,1;-1,0;0,-1;-2,0;-2,-1
2;0,0;-1,0
8;0,0;0,1;1,0;2,0;2,1;2,2;1,2;1,1
3;0,0;-1,1;-2,2
7;0,0;-1,0;-2,0;-3,1;-2,1;-2,-1;-1,-1
4;0,0;0,-1;1,-1;2,-2
8;0,0;-1,1;-1,0;-2,1;-3,2;-3,3;-4,3;-4,4
3;0,0;1,-1;1,0
6;0,0;-1,0;0,-1;-1,-1;1,-1;2,-2
3;0,0;0,1;1,1
9;0,0;-1,1;-2,1;0,1;0,2;-2,2;-3,2;-3,3;-4,3
5;0,0;-1,0;-1,1;-2,1;-2,2
8;0,0;0,1;1,0;2,-1;3,-1;1,-1;4,-2;4,-3
4;0,0;-1,1;-1,2;-1,3
7;0,0;-1,0;0,-1;-1,-1;-2,0;0,-2;-2,1
5;0,0;-1,0;-1,-1;-2,-1;-2,0
9;0,0;0,1;0,2;-1,1;-1,0;0,-1;0,-2;-1,-1;1,-3
6;0,0;1,-1;2,-2;3,-2;3,-3;4,-3
8;0,0;-1,0;0,-1;-1,1;-2,2;-1,2;-1,3;0,3
7;0,0;0,1;-1,1;0,2;1,1;1,2;2,1
16;0,0;-1,1;-1,2;0,1;1,1;2,1;2,0;2,-1;3,-1;4,-1;5,-1;4,0;5,0;5,1;5,2;4,3
8;0,0;-1,0;-1,-1;-2,0;-2,1;-2,2;-3,2;-4,3
2;0,0;0,1
9;0,0;-1,1;0,1;0,-1;-1,-1;0,-2;-1,-2;0,-3;1,-3
3;0,0;1,-1;0,-1
7;0,0;-1,0;-1,1;-2,1;0,1;1,1;1,2
3;0,0;0,1;1,0
8;0,0;1,-1;-1,0;-2,1;0,-1;1,0;1,1;2,1
4;0,0;-1,0;-2,0;-3,1
10;0,0;0,1;0,2;1,1;0,3;0,4;-1,4;-2,5;-3,6;-3,5
4;0,0;-1,1;-1,0;-2,1
7;0,0;-1,0;-2,1;-2,2;-1,1;-3,2;-2,0
5;0,0;1,0;2,-1;2,-2;1,-2
9;0,0;0,1;-1,1;1,0;-1,0;-2,0;-3,0;-3,1;-4,1
3;0,0;1,-1;1,0
11;0,0;-1,0;-1,-1;-2,0;-3,1;0,-1;0,-2;1,-2;1,-3;1,-4;2,-4
6;0,0;0,1;-1,2;1,1;2,1;3,0
11;0,0;1,-1;0,-1;-1,0;-2,1;-2,0;-2,-1;-1,-1;0,-2;1,-2;2,-2
5;0,0;-1,0;0,-1;-1,-1;0,-2
11;0,0;0,1;1,0;2,0;-1,1;-2,1;-1,0;-1,-1;-2,0;-2,-1;-3,-1
7;0,0;0,1;-1,2;-1,1;-2,1;-2,2;-3,2
10;0,0;1,-1;2,-2;1,-2;2,-3;3,-4;3,-2;2,-1;0,-1;0,1
8;0,0;1,0;2,0;3,0;4,0;3,-1;4,-2;5,-3
10;0,0;0,1;1,-1;0,-1;0,-2;0,-3;1,-3;1,-2;-1,-2;-1,-3
7;0,0;1,-1;1,-2;0,-1;1,0;0,1;1,1
2;0,0;-1,0
7;0,0;0,1;1,0;1,1;2,-1;3,-2;3,-1
3;0,0;1,-1;2,-1
9;0,0;-1,0;-1,-1;-2,0;-2,1;-1,1;0,1;0,2;1,1
3;0,0;1,0;1,1
8;0,0;0,-1;1,-2;0,-2;-1,-1;-2,-1;-1,-2;-3,0
4;0,0;1,-1;2,-1;1,0
8;0,0;1,0;1,-1;2,-1;0,-1;-1,-1;1,-2;2,-3
5;0,0;0,1;0,2;-1,3;-2,4
6;0,0;1,-1;0,-1;-1,-1;0,-2;1,-2
5;0,0;1,0;2,-1;2,0;3,-1
10;0,0;0,1;1,1;1,0;0,-1;0,-2;-1,-2;-1,-1;-1,0;-1,1
5;0,0;0,-1;-1,-1;1,-2;2,-3
8;0,0;1,-1;1,0;2,0;1,1;0,2;1,2;0,3
6;0,0;1,0;2,-1;0,1;0,2;1,1
9;0,0;0,-1;-1,0;-2,1;-1,1;0,1;1,1;2,0;2,1
6;0,0;1,-1;0,-1;1,-2;-1,-1;-1,0
12;0,0;1,0;1,1;1,2;0,2;0,3;-1,3;-2,3;-3,3;-2,2;-1,2;0,1
5;0,0;0,1;0,-1;1,-2;-1,0
10;0,0;1,-1;2,-2;2,-1;1,-2;0,-1;1,0;3,-3;4,-4;3,-4
6;0,0;-1,1;0,1;1,-1;1,-2;0,-1
2;0,0;1,0
7;0,0;0,-1;1,-1;0,1;1,1;0,2;0,3
2;0,0;1,-1
8;0,0;1,0;0,1;-1,1;-1,0;0,-1;1,-2;1,-3
3;0,0;0,-1;-1,-1
7;0,0;1,-1;2,-1;2,0;3,-1;1,0;0,1
4;0,0;1,0;1,-1;0,-1
9;0,0;0,1;-1,2;0,2;1,1;2,0;-1,1;-2,1;-3,2
4;0,0;0,-1;1,-2;0,-2
9;0,0;-1,1;-2,1;-3,2;-4,3;-4,2;-5,2;-4,1;-4,0
5;0,0;1,0;1,1;2,0;3,0
9;0,0;0,-1;0,-2;-1,-1;-2,0;-1,0;-2,1;-1,1;-2,2
5;0,0;1,-1;0,-1;-1,-1;-1,0
4;0,0;1,0;1,1;0,2
10;0,0;0,-1;1,-2;2,-3;2,-4;3,-4;4,-5;5,-5;5,-6;6,-5
4;0,0;1,-1;2,-1;2,0
5;0,0;1,0;0,-1;1,-1;0,1
4;0,0;0,-1;0,1;-1,2
11;0,0;0,1;1,1;2,0;2,1;3,1;4,1;4,2;5,2;5,1;6,1
6;0,0;1,-1;1,-2;2,-1;2,0;3,-1
11;0,0;1,-1;1,0;2,-1;2,-2;2,-3;2,-4;1,-4;1,-5;1,-6;0,-5
6;0,0;1,0;2,-1;3,-1;1,-1;2,0
2;0,0;0,-1
7;0,0;1,-1;0,-1;-1,-1;-2,-1;0,-2;-1,-2
3;0,0;1,0;1,1
9;0,0;0,1;1,0;2,-1;3,-1;4,-2;4,-3;5,-3;5,-2
2;0,0;1,-1
8;0,0;1,0;2,0;2,-1;3,-1;3,0;4,0;2,1
3;0,0;1,0;0,1
9;0,0;0,-1;-1,0;-2,0;-3,0;-3,-1;-4,-1;-3,-2;-2,-3
5;0,0;1,-1;2,-2;3,-2;4,-3
11;0,0;1,0;0,1;1,1;-1,2;0,2;0,3;-1,3;-2,3;-3,4;-2,4
5;0,0;0,-1;-1,-1;0,-2;1,-3
7;0,0;1,-1;1,0;0,1;1,1;2,0;1,-2
5;0,0;1,0;1,-1;2,-2;2,-1
12;0,0;0,1;-1,2;-1,3;0,3;0,4;-1,4;-1,5;-2,6;-3,7;-4,7;-2,7
6;0,0;1,-1;0,-1;0,-2;-1,-1;1,-2
11;0,0;-1,1;-2,1;-2,2;-3,2;-4,3;-3,3;-3,4;-2,4;-2,3;-1,3
4;0,0;1,0;1,1;0,1
13;0,0;0,-1;0,-2;1,-2;1,-3;1,-4;1,-5;2,-5;3,-5;4,-6;3,-6;4,-7;2,-6
4;0,0;1,-1;2,-2;1,-2
8;0,0;1,0;1,-1;2,-1;2,0;3,-1;3,0;1,1
9;0,0;0,-1;1,-1;1,0;0,1;1,1;2,0;3,0;4,0
2;0,0;1,-1
7;0,0;1,0;0,1;0,2;-1,3;-1,2;1,2
2;0,0;-1,0
10;0,0;0,-1;1,-1;2,-1;3,-2;3,-1;2,0;1,0;1,1;1,2
3;0,0;-1,1;-1,2
7;0,0;1,0;1,-1;0,-1;0,-2;1,-2;2,-3
3;0,0;0,-1;-1,0
10;0,0;-1,1;-2,1;-2,0;-3,1;-4,2;-3,2;-5,2;-6,3;-7,3
4;0,0;1,0;2,0;2,1
8;0,0;0,-1;0,-2;0,-3;-1,-2;1,-2;-2,-1;-3,-1
3;0,0;0,-1;1,0
7;0,0;-1,1;-1,0;0,-1;0,1;-1,2;-2,3
4;0,0;-1,0;1,0;1,-1
10;0,0;0,-1;-1,-1;0,-2;1,-3;2,-3;1,-2;1,-4;0,-4;0,-3
6;0,0;-1,1;-1,2;-2,3;-3,3;-3,4
9;0,0;1,0;0,1;-1,1;-1,0;2,0;1,1;1,2;2,1
5;0,0;0,-1;1,-2;1,-1;2,-1
11;0,0;-1,1;0,1;0,2;-1,3;-2,4;-1,2;-2,2;-3,2;-4,3;-3,3
6;0,0;1,0;1,-1;0,-1;2,-1;2,-2
12;0,0;-1,0;-1,1;0,1;1,0;1,-1;1,1;2,-2;3,-3;4,-4;4,-3;4,-2
7;0,0;0,-1;1,-2;0,-2;-1,-2;0,-3;1,-3
15;0,0;-1,1;0,1;-1,2;1,1;2,0;2,1;3,0;4,-1;4,-2;5,-2;5,-1;6,-2;7,-3;6,-3
8;0,0;-1,0;-2,0;-1,-1;-2,-1;-3,1;-2,1;-2,2
2;0,0;0,-1
9;0,0;-1,1;-1,0;-1,-1;0,-1;-2,-1;-3,-1;-2,-2;-2,-3
2;0,0;1,0
6;0,0;0,-1;1,-1;-1,1;-2,1;-1,0
3;0,0;0,1;-1,1
6;0,0;-1,1;-1,2;0,2;0,1;1,0
4;0,0;-1,0;0,-1;1,-2
9;0,0;0,-1;-1,0;-2,1;-3,1;-3,2;-2,2;-1,2;-1,1
4;0,0;-1,1;-2,1;-2,0
11;0,0;-1,0;-1,1;-1,2;0,2;1,2;1,3;2,3;2,4;2,5;1,6
5;0,0;0,-1;0,-2;0,-3;-1,-2
10;0,0;-1,1;-2,2;-1,2;0,2;1,1;0,1;-3,3;-3,2;-4,4
6;0,0;-1,1;-2,2;-3,2;-2,1;-3,1
13;0,0;-1,0;-2,0;-3,0;-4,0;-5,1;-5,2;-6,1;-7,2;-8,2;-7,1;-6,0;-6,-1
5;0,0;0,1;0,2;-1,3;1,2
12;0,0;-1,1;-1,0;0,-1;-1,-1;-1,-2;0,-2;1,-2;2,-2;2,-3;2,-4;1,-3
5;0,0;-1,0;-2,1;-2,2;-3,3
10;0,0;0,-1;-1,-1;-1,-2;0,-2;1,-2;2,-3;2,-4;2,-5;1,-3
8;0,0;-1,1;0,1;0,2;-1,3;-1,4;-1,5;-2,6
2;0,0;-1,0
6;0,0;0,1;0,2;-1,3;-1,2;-1,1
3;0,0;-1,1;-1,0
10;0,0;-1,0;-2,1;-1,1;-2,2;-2,3;-1,3;-1,4;-2,4;-3,4
4;0,0;0,-1;1,-2;1,-1
7;0,0;0,1;1,1;1,0;-1,0;-1,1;-2,1
4;0,0;1,-1;1,-2;2,-2
8;0,0;-1,0;-1,1;-2,1;-2,0;-2,2;-1,2;-2,3
5;0,0;0,1;1,0;2,0;3,-1
5;0,0;-1,0;-2,0;-2,-1;-3,-1
3;0,0;0,1;0,2
8;0,0;1,-1;2,-2;0,-1;1,0;-1,1;-1,2;-2,3
4;0,0;-1,0;-2,1;-2,0
8;0,0;0,1;-1,1;-1,2;0,2;1,1;2,1;2,0
3;0,0;-1,1;0,1
10;0,0;1,-1;1,0;2,0;3,0;3,1;4,0;5,0;5,-1;6,-1
5;0,0;1,0;2,-1;3,-1;3,-2
10;0,0;0,1;-1,2;-2,2;-3,2;-3,1;-2,1;-3,0;-2,0;-2,-1
6;0,0;1,-1;0,-1;-1,0;-1,-1;-2,0
10;0,0;-1,0;-1,1;1,-1;1,0;0,1;0,2;1,2;0,3;0,4
3;0,0;0,1;0,2
9;0,0;1,-1;0,-1;0,-2;-1,-1;-2,0;-3,1;-4,2;-3,2
6;0,0;-1,0;-2,0;-2,1;-2,2;-1,2
8;0,0;1,0;2,0;2,-1;1,-1;0,-1;1,-2;2,-3
5;0,0;0,1;1,0;1,-1;2,-2
10;0,0;1,-1;-1,0;-2,0;-2,1;-3,0;-3,-1;-2,-2;-2,-3;-1,-3
6;0,0;1,0;0,1;1,-1;2,0;3,0
4;0,0;1,0;1,1;2,0
7;0,0;0,1;1,0;2,0;1,1;-1,2;-1,1
3;0,0;1,-1;1,0
8;0,0;-1,0;-2,0;-3,0;-2,-1;-1,-1;-1,-2;-4,1
7;0,0;0,1;0,2;-1,3;-2,3;-1,2;-1,1
9;0,0;1,-1;1,-2;2,-3;3,-4;2,-4;3,-5;4,-5;5,-6
6;0,0;1,-1;-1,1;0,1;0,2;1,2
13;0,0;1,0;0,-1;-1,0;-2,1;-1,1;0,1;1,1;2,1;3,0;3,1;3,2;2,3
7;0,0;0,-1;1,-1;1,0;2,0;1,1;2,1
11;0,0;1,-1;1,-2;0,-2;-1,-1;-1,-2;-1,-3;0,-3;1,-3;2,-4;1,-4
8;0,0;1,0;2,-1;3,-1;4,-1;3,0;2,0;4,0
2;0,0;0,1
8;0,0;1,-1;0,-1;1,-2;0,-2;1,-3;-1,-2;-1,-1
2;0,0;1,0
5;0,0;0,1;1,-1;0,-1;-1,0
3;0,0;0,-1;-1,0
9;0,0;1,-1;2,-2;2,-3;3,-3;3,-4;2,-4;3,-5;4,-6
4;0,0;1,0;2,0;3,0
8;0,0;0,-1;0,-2;-1,-2;-1,-1;-1,0;-2,0;-2,1
4;0,0;1,-1;1,0;2,0
9;0,0;1,0;0,1;0,-1;1,-2;1,-1;0,-2;-1,-2;-2,-2
4;0,0;0,1;-1,1;-2,2
9;0,0;1,-1;2,-1;1,0;0,1;0,2;1,1;1,2;1,3
5;0,0;-1,1;-1,0;-1,-1;-2,0
8;0,0;1,0;0,1;0,2;1,2;1,3;0,4;1,4
6;0,0;0,-1;1,-2;0,-2;-1,-1;-1,0
12;0,0;1,-1;2,-1;3,-1;4,-1;3,0;3,-2;4,-2;5,-3;5,-4;5,-5;6,-6
5;0,0;1,0;-1,0;0,-1;-1,-1
10;0,0;0,-1;-1,1;-2,1;-2,0;-1,0;-2,-1;-1,-1;-3,1;-4,2
6;0,0;1,-1;2,-2;3,-3;4,-4;3,-4
10;0,0;1,0;2,-1;2,0;3,-1;3,0;3,-2;4,-2;4,-1;4,0
7;0,0;1,0;2,0;2,1;1,2;2,2;3,2
11;0,0;0,-1;0,-2;0,-3;1,-3;-1,-3;-1,-4;0,-5;-2,-3;-3,-3;-2,-4
9;0,0;-1,1;-1,2;0,2;-1,3;-1,4;-2,4;-3,4;-3,5
2;0,0;1,0
9;0,0;0,-1;1,-1;2,-1;3,-2;2,-2;3,-3;2,-3;3,-4
3;0,0;1,-1;0,-1
7;0,0;1,0;1,1;0,2;1,2;2,2;3,1
3;0,0;0,-1;1,-2
7;0,0;1,-1;0,1;-1,2;-1,1;-1,0;-2,0
4;0,0;-1,1;-2,1;-2,0
11;0,0;1,0;-1,0;-2,1;-2,2;-2,3;-1,3;-1,4;0,4;0,3;1,3
4;0,0;0,-1;1,0;2,0
10;0,0;-1,1;-1,0;0,-1;-1,-1;-2,0;-3,0;-4,1;-4,2;-5,2
5;0,0;1,0;0,1;-1,2;-2,2
12;0,0;0,-1;-1,-1;0,-2;1,-3;0,-3;0,-4;-1,-3;-2,-2;-3,-1;-4,-1;-4,-2
6;0,0;1,-1;1,0;1,1;0,1;-1,1
9;0,0;1,0;1,-1;1,-2;0,-1;0,-2;-1,1;-2,1;-3,1
6;0,0;-1,0;-2,1;-2,2;-1,2;-2,3
11;0,0;0,-1;-1,-1;-2,-1;-3,0;-3,1;-3,-1;-3,-2;-2,-2;-2,-3;-3,-3
7;0,0;-1,1;0,1;1,1;2,1;3,0;3,1
10;0,0;1,0;1,1;2,1;3,0;2,0;2,-1;1,-1;2,-2;3,-2
5;0,0;0,-1;0,-2;1,-3;0,-3
11;0,0;-1,1;-2,2;-3,3;-4,4;-4,3;-5,4;-2,3;-3,2;-3,1;-3,0
7;0,0;1,0;0,-1;-1,-1;-2,-1;-2,0;-1,0
9;0,0;0,-1;1,-1;1,0;0,1;0,2;-1,2;-1,1;2,0
6;0,0;0,-1;0,-2;0,-3;1,-3;1,-2
2;0,0;-1,1
8;0,0;-1,0;0,-1;-1,-1;0,-2;0,-3;1,-3;1,-4
3;0,0;0,-1;1,-1
11;0,0;-1,1;-1,0;-2,1;-3,1;-3,2;-2,2;-1,2;-1,3;-2,3;-3,4
3;0,0;1,0;1,-1
10;0,0;0,-1;-1,0;-1,1;-2,1;-3,1;-2,0;-3,0;-4,1;-4,2
4;0,0;-1,1;-2,1;-2,0
10;0,0;1,0;2,0;2,1;3,1;2,2;1,2;1,3;0,2;-1,3
5;0,0;-1,0;-1,-1;-2,-1;-3,0
9;0,0;0,-1;1,0;2,0;2,-1;-1,0;-1,-1;-1,-2;0,-3
4;0,0;-1,1;1,-1;2,-2
8;0,0;-1,0;-1,1;-2,1;-2,2;-2,0;-3,1;-2,-1
6;0,0;0,-1;-1,-1;0,-2;1,-3;2,-4
12;0,0;-1,1;-1,2;-2,1;-3,1;-4,2;-4,3;-3,2;-3,3;-3,4;-3,5;-4,6
7;0,0;1,0;2,-1;2,0;1,1;1,2;2,1
9;0,0;0,-1;1,-2;1,-3;2,-3;1,-1;2,-2;3,-2;4,-2
7;0,0;0,1;1,1;2,1;1,2;0,2;0,3
11;0,0;-1,1;-1,0;-2,0;-2,1;-2,2;-1,2;-2,3;-3,3;-3,2;-2,-1
5;0,0;-1,0;-1,1;-2,2;-3,3
15;0,0;0,-1;1,-2;2,-3;1,-3;0,-3;-1,-2;-1,-3;-2,-1;-3,0;-4,1;-4,0;-5,1;-6,2;-5,2
8;0,0;-1,1;-2,2;-3,3;-2,1;-2,0;-1,0;0,-1
2;0,0;-1,0
5;0,0;0,-1;-1,0;-1,1;0,1
2;0,0;-1,1
9;0,0;-1,1;-2,2;-3,2;-4,3;-5,3;-5,2;-4,2;-3,3
2;0,0;-1,0
9;0,0;0,1;-1,1;1,-1;-1,0;-2,0;-3,1;-2,1;-2,2
4;0,0;-1,1;-1,2;-2,3
9;0,0;-1,0;0,-1;1,-2;2,-3;2,-4;1,-3;0,-3;1,-4
4;0,0;0,-1;-1,0;-1,1
10;0,0;-1,1;-2,1;-2,0;-3,1;-3,2;-4,2;-5,3;-6,3;-6,4
5;0,0;-1,0;-1,1;-1,2;-1,3
11;0,0;0,-1;0,-2;1,-2;-1,-1;-2,0;-3,0;-3,-1;-4,-1;-3,-2;-2,-2
6;0,0;0,1;-1,2;-2,2;-2,3;-2,4
10;0,0;-1,1;-1,2;0,2;-1,3;-2,3;-3,4;-3,3;-4,4;-4,5
6;0,0;-1,0;-2,0;-1,-1;-1,-2;-2,-2
9;0,0;0,1;0,2;-1,3;0,3;1,2;1,1;1,3;0,4
6;0,0;-1,1;-1,0;-1,-1;-1,-2;-2,-1
10;0,0;-1,0;-2,1;-2,2;-3,3;-4,3;-4,4;-3,2;-5,3;-5,2
6;0,0;0,-1;-1,-1;-1,-2;0,-2;0,-3
12;0,0;-1,1;0,1;1,1;0,2;1,2;0,3;-1,2;-2,2;0,-1;-1,0;-2,0
7;0,0;1,-1;1,-2;0,-2;0,-1;-1,1;-2,2
13;0,0;-1,0;-2,1;0,-1;1,-2;1,-3;1,-4;2,-5;1,-5;0,-4;0,-3;0,-2;2,-3
7;0,0;0,1;1,0;-1,0;-1,-1;-2,0;-2,1
2;0,0;-1,1
10;0,0;1,-1;2,-2;2,-1;3,-3;3,-2;3,-1;4,-2;4,-3;5,-4
8;0,0;-1,0;-2,1;-2,0;-1,-1;-2,-1;-3,-1;-2,-2
12;0,0;0,1;-1,1;0,2;0,3;1,3;1,4;2,3;3,3;2,4;3,4;3,5
8;0,0;1,-1;1,0;-1,1;-2,2;-3,3;-4,4;-4,5
11;0,0;-1,0;-1,-1;0,-1;-1,-2;0,-2;-2,0;-2,1;-2,2;-1,2;0,2
5;0,0;1,0;2,-1;3,-2;2,-2
2;0,0;0,1
10;0,0;1,-1;0,-1;1,-2;2,-3;2,-2;3,-3;4,-4;5,-5;5,-6
3;0,0;1,0;1,1
8;0,0;0,1;1,0;1,-1;2,-2;1,-2;2,-1;2,-3
2;0,0;1,-1
9;0,0;-1,0;-2,0;-2,1;-3,2;-4,2;-5,2;-5,3;-4,3
3;0,0;0,1;1,1
9;0,0;1,-1;1,-2;0,-1;-1,0;-1,1;-2,1;-3,1;-4,1
3;0,0;1,-1;1,-2
8;0,0;1,0;0,1;-1,2;-1,1;1,1;0,2;-2,2
5;0,0;0,1;-1,1;-1,0;-1,-1
10;0,0;1,-1;1,0;1,1;2,0;3,0;4,-1;3,-1;2,-1;2,-2
5;0,0;1,0;1,-1;0,-1;0,1
11;0,0;0,1;-1,2;-2,2;-3,3;0,2;1,0;1,1;2,0;3,-1;2,-1
5;0,0;1,-1;0,-1;1,0;-1,0
13;0,0;-1,0;1,-1;0,1;-1,2;-2,2;-1,1;-2,1;-2,0;-3,0;-3,-1;-3,-2;-2,-3
6;0,0;1,0;1,-1;0,-1;-1,0;-1,1
5;0,0;-1,1;-2,2;-2,1;-3,1
10;0,0;1,0;0,1;1,-1;1,-2;0,-2;0,-3;1,-4;1,-3;2,-3
4;0,0;0,-1;1,0;2,0
3;0,0;-1,0;-2,0
10;0,0;1,0;2,0;3,-1;3,0;2,1;2,2;3,2;2,3;3,1
5;0,0;0,-1;0,-2;-1,-1;-2,0
8;0,0;1,-1;0,-1;0,-2;0,-3;1,-4;0,-4;0,-5
5;0,0;1,0;2,-1;2,0;3,-1
11;0,0;0,1;-1,1;-1,2;0,2;1,2;0,3;-1,4;0,4;-1,5;0,5
4;0,0;1,-1;1,0;1,-2
10;0,0;1,0;1,-1;2,-1;2,0;1,1;0,1;0,2;1,2;2,1
6;0,0;0,1;-1,2;-2,2;0,2;-1,3
7;0,0;0,-1;-1,-1;-2,0;-2,1;-1,0;-2,-1
6;0,0;1,-1;2,-1;3,-2;4,-2;3,-3
10;0,0;1,0;1,-1;2,0;3,0;3,-1;3,1;3,2;2,2;1,3
5;0,0;0,-1;-1,-1;-2,0;0,-2
11;0,0;1,-1;2,-2;2,-1;1,-2;2,-3;1,-3;2,-4;3,-4;4,-4;3,-3
6;0,0;1,0;2,0;0,-1;-1,1;-1,2
2;0,0;0,1
8;0,0;1,-1;1,-2;2,-2;3,-2;4,-2;4,-3;4,-4
2;0,0;1,0
7;0,0;1,0;2,-1;2,0;3,-1;3,0;2,1
3;0,0;0,-1;1,-1
6;0,0;1,-1;1,-2;0,-1;-1,0;-1,-1
3;0,0;1,0;1,1
10;0,0;0,-1;1,-2;2,-2;1,-3;2,-4;3,-5;3,-6;3,-7;4,-8
3;0,0;1,-1;2,-1
11;0,0;1,0;1,-1;2,-1;3,-1;4,-1;5,-1;5,0;6,-1;6,-2;6,-3
5;0,0;0,1;0,2;-1,3;-1,4
6;0,0;0,-1;1,-1;2,-1;1,0;0,1
5;0,0;-1,1;0,1;0,2;1,2
11;0,0;1,0;2,0;2,-1;1,-1;2,-2;2,-3;3,-3;4,-3;4,-2;3,-2
5;0,0;0,-1;-1,-1;-1,0;-2,-1
11;0,0;-1,1;-1,2;-2,2;-3,2;-3,3;-2,3;-3,1;-2,0;-3,0;-2,-1
5;0,0;1,0;2,-1;3,-1;3,-2
13;0,0;0,-1;-1,0;1,-1;0,-2;-1,-2;-1,-3;-1,-4;0,-5;0,-6;0,-7;1,-7;2,-8
5;0,0;1,-1;0,-1;-1,0;-1,1
15;0,0;-1,1;-1,2;-2,3;-1,3;-2,4;-1,4;0,4;1,3;2,2;2,3;3,3;4,3;4,2;5,2
6;0,0;-1,0;-1,-1;-1,-2;0,-1;1,-2
12;0,0;0,-1;1,-2;1,-1;0,-2;-1,-1;-2,-1;-3,-1;-3,-2;-4,-1;-3,-3;-3,-4
8;0,0;-1,1;-2,2;-2,1;-2,0;-3,0;-3,1;-4,2
2;0,0;1,0
8;0,0;0,-1;-1,0;-1,-1;-2,0;-3,0;-2,-1;-1,-2
2;0,0;-1,1
6;0,0;1,0;0,1;1,1;1,-1;-1,0
3;0,0;0,-1;-1,-1
11;0,0;0,-1;1,-1;1,0;1,1;2,1;3,1;4,0;4,1;4,2;3,3
10;0,0;-1,0;-2,1;-2,0;-3,1;-3,2;-4,2;-4,3;-5,2;-5,4
7;0,0;0,1;1,0;1,1;0,-1;1,-2;2,-2
2;0,0;-1,1
6;0,0;-1,0;-2,0;-3,0;-4,1;-3,1
2;0,0;0,-1
6;0,0;-1,1;1,-1;2,-1;1,0;0,1
3;0,0;-1,0;-2,1
9;0,0;0,-1;-1,-1;0,-2;1,-2;2,-3;3,-3;4,-4;5,-5
3;0,0;-1,1;-1,0
10;0,0;-1,1;-1,2;-2,1;-2,2;-3,3;-4,4;-5,4;-4,3;-4,2
5;0,0;-1,0;0,-1;1,-1;1,-2
11;0,0;0,1;1,1;-1,1;-2,1;-3,1;-2,0;-2,-1;-3,-1;-3,0;-4,1
4;0,0;-1,1;-2,1;-1,0
2;0,0;-1,1
7;0,0;-1,0;0,1;1,0;1,1;2,0;1,2
3;0,0;0,-1;0,-2
9;0,0;-1,1;-1,2;0,2;1,1;0,1;1,2;2,1;3,0
4;0,0;-1,0;0,-1;1,-1
10;0,0;0,-1;-1,0;-2,0;-3,1;-4,2;-5,3;-4,3;-3,2;-2,1
4;0,0;0,1;1,1;0,2
8;0,0;-1,1;-1,0;0,-1;0,-2;-1,-2;-2,-2;-3,-2
5;0,0;-1,0;-1,1;-1,2;0,2
11;0,0;0,1;1,0;1,-1;2,-2;2,-1;3,-1;2,-3;3,-3;3,-2;4,-2
5;0,0;-1,1;0,1;0,2;-1,2
13;0,0;-1,0;-2,0;-3,0;-2,-1;-3,-1;-3,-2;-2,-2;-2,-3;-1,-4;0,-5;-1,-5;-2,-4
4;0,0;0,-1;1,0;0,1
9;0,0;-1,1;1,-1;-2,1;-3,1;-4,2;-3,0;-3,-1;-2,-1
4;0,0;1,-1;2,-1;2,-2
14;0,0;-1,0;-2,0;-3,1;-4,2;-4,3;-5,4;-4,4;-3,4;-4,5;-5,6;-6,6;-7,6;-8,6
5;0,0;0,1;-1,1;-1,0;-1,2
11;0,0;-1,1;-1,0;1,-1;1,0;2,0;2,1;1,1;1,2;1,3;2,2
7;0,0;-1,0;-2,1;-3,1;-3,2;-4,2;-5,3
8;0,0;0,-1;-1,-1;-2,0;-3,1;-3,0;-3,-1;-2,-1
7;0,0;-1,1;0,1;1,0;1,1;0,2;-1,2
13;0,0;-1,0;-1,-1;-2,0;-3,1;-2,1;-1,1;0,1;1,0;1,-1;1,-2;2,-2;2,-1
6;0,0;0,-1;0,-2;0,-3;-1,-3;0,-4
14;0,0;0,1;-1,2;-1,3;0,2;1,1;2,0;2,1;2,2;2,3;2,4;1,5;2,5;3,2
5;0,0;-1,1;-2,1;-1,0;0,1
2;0,0;-1,0
7;0,0;0,1;1,0;1,1;2,0;3,0;3,1
2;0,0;-1,1
9;0,0;-1,0;0,-1;-1,1;-2,2;-3,3;-4,3;-4,4;-5,5
3;0,0;0,-1;1,-1
7;0,0;-1,1;-1,0;-1,-1;0,-1;1,-1;-1,2
3;0,0;1,-1;1,0
10;0,0;-1,0;0,-1;1,-1;1,-2;2,-2;3,-3;2,-3;3,-4;2,-4
3;0,0;0,1;-1,1
9;0,0;-1,1;0,1;-1,2;0,2;-2,2;-2,1;-1,0;-1,-1
5;0,0;-1,0;-1,-1;-2,0;-3,1
13;0,0;0,1;0,2;1,1;1,2;1,3;2,2;3,2;3,1;4,0;5,-1;6,-1;6,0
4;0,0;-1,1;-2,2;-3,2
12;0,0;-1,0;0,-1;0,-2;0,-3;0,-4;-1,-4;0,-5;1,-6;1,-5;0,-6;-1,-6
4;0,0;0,-1;-1,-1;-1,0
9;0,0;0,1;0,2;-1,2;-1,1;1,1;2,1;1,2;-2,2
7;0,0;1,-1;2,-2;3,-2;4,-3;4,-4;5,-5
11;0,0;-1,0;-2,1;-3,1;-3,2;-2,0;-2,-1;-1,-1;-1,-2;-2,-2;-3,0
7;0,0;0,1;1,1;2,0;2,1;2,2;1,3
10;0,0;-1,1;-1,0;-2,1;-2,2;-2,3;-1,3;-1,2;0,1;0,2
5;0,0;-1,0;-1,1;1,-1;2,-2
10;0,0;0,1;1,0;1,1;1,-1;2,-1;2,0;3,-1;3,-2;3,-3
7;0,0;-1,1;-2,2;-2,1;-1,0;-3,3;-2,3
2;0,0;1,-1
9;0,0;-1,0;-1,1;-2,1;-1,-1;0,-1;1,-1;1,0;0,1
2;0,0;0,1
6;0,0;1,-1;1,0;0,-1;1,-2;0,-2
3;0,0;-1,0;-2,0
8;0,0;0,1;1,1;1,2;0,3;2,2;3,2;4,2
3;0,0;-1,1;-1,2
7;0,0;-1,0;0,-1;1,-1;1,0;2,-1;0,1
5;0,0;1,0;0,1;-1,1;-1,0
6;0,0;0,1;-1,1;1,0;1,-1;0,-1
4;0,0;1,-1;1,0;0,-1
13;0,0;-1,0;-1,-1;-2,0;-3,1;-2,1;-3,2;-2,2;-3,3;-4,4;-4,3;-5,4;-5,3
4;0,0;0,1;-1,2;0,2
5;0,0;-1,1;-1,0;0,-1;0,-2
2;0,0;1,0
8;0,0;-1,0;0,-1;1,-1;1,0;1,-2;2,-2;2,-3
3;0,0;0,1;1,1
8;0,0;-1,1;-2,1;-1,0;0,1;0,2;1,1;2,1
4;0,0;-1,0;-1,1;-1,2
10;0,0;0,-1;1,-2;1,-3;1,-4;0,-3;-1,-2;-1,-3;-2,-2;-2,-3
4;0,0;-1,1;-2,2;-2,3
11;0,0;-1,0;-2,0;-3,0;-3,-1;-3,-2;-4,-2;-4,-1;-5,0;-5,-1;-4,-3
4;0,0;0,-1;-1,-1;1,-1
10;0,0;-1,1;-1,2;-2,2;-2,3;-2,4;-3,5;-3,4;-4,4;-4,3
4;0,0;-1,1;0,1;-1,2
9;0,0;-1,0;-2,1;-1,1;-2,2;-2,3;0,1;1,-1;2,-2
6;0,0;0,1;-1,1;-1,0;-2,0;-2,-1
9;0,0;-1,1;-1,2;-1,3;-2,3;0,2;1,1;0,1;1,0
6;0,0;-1,0;-1,-1;-1,-2;-2,-2;0,-3
9;0,0;0,-1;-1,0;0,-2;1,-3;1,-2;1,0;1,1;0,1
7;0,0;-1,1;-2,1;-3,1;-1,0;-2,0;-3,0
14;0,0;-1,0;1,0;1,1;1,2;0,2;0,3;1,3;1,4;1,5;0,5;-1,6;-1,5;0,6
7;0,0;-1,0;-1,-1;0,-2;1,-2;0,-1;-2,0
14;0,0;0,1;1,0;0,2;-1,2;-1,1;-1,0;-2,2;-3,2;-3,1;-3,0;-2,-1;-1,-2;-1,-3
8;0,0;-1,1;-2,2;-2,1;-3,1;-3,0;-3,-1;-2,-1
2;0,0;-1,0
8;0,0;0,1;1,1;1,2;0,2;0,3;-1,3;-1,4
3;0,0;-1,1;-1,0
11;0,0;-1,0;-2,1;-1,1;0,1;-1,2;-1,3;0,3;0,4;-1,5;0,5
3;0,0;0,-1;1,-2
7;0,0;0,1;1,1;0,2;1,2;2,1;-1,2
4;0,0;1,-1;1,-2;2,-3
10;0,0;-1,0;-1,1;-1,2;-2,2;-2,3;-2,4;-3,4;-4,4;-4,5
5;0,0;0,1;-1,2;-1,1;-1,0
13;0,0;-1,1;-2,1;-2,2;-3,2;-4,2;-5,2;-5,3;-6,3;-7,4;-7,5;-8,5;-8,4
4;0,0;-1,0;1,0;1,-1
9;0,0;0,1;-1,0;-1,1;0,-1;0,-2;1,-3;1,-2;-1,-1
6;0,0;-1,1;-1,2;-2,3;-2,4;-1,4
9;0,0;-1,0;-2,1;-2,0;-3,0;-4,1;-3,1;-4,0;-3,-1
4;0,0;-1,0;0,1;1,0
11;0,0;0,1;-1,0;-2,0;-2,-1;-3,0;-3,1;-4,1;-4,0;-5,1;-5,2
6;0,0;-1,1;-1,2;0,2;-1,3;0,3
7;0,0;-1,0;0,-1;-1,-1;-1,1;-2,0;-2,-1
6;0,0;0,1;-1,2;-2,3;-3,4;-3,3
8;0,0;-1,1;-2,1;-1,0;-2,0;-1,-1;-1,-2;0,-2
5;0,0;-1,0;-1,1;-2,2;-1,2
11;0,0;0,-1;0,-2;-1,-1;-2,0;-2,-1;-3,0;-4,1;-4,0;-3,1;-3,-1
6;0,0;-1,1;-2,2;-2,1;-1,0;-2,0
9;0,0;1,-1;0,-1;0,-2;1,-3;2,-4;3,-4;2,-3;1,-4
5;0,0;-1,0;-2,1;-3,2;-1,1
2;0,0;0,1
5;0,0;-1,1;1,-1;2,-1;0,-1
2;0,0;-1,0
8;0,0;0,1;-1,1;-1,2;-2,3;-1,3;0,3;-1,4
3;0,0;-1,1;0,1
8;0,0;-1,0;-1,-1;0,-1;-1,-2;-1,-3;0,-2;1,-3
4;0,0;-1,0;-2,1;-3,1
7;0,0;0,1;1,0;2,0;3,-1;1,1;0,2
3;0,0;1,-1;2,-1
11;0,0;-1,0;-1,-1;-2,0;-3,1;-3,0;-3,-1;-4,0;-5,1;-5,2;-5,3
4;0,0;0,1;1,-1;2,-1
11;0,0;-1,1;-2,2;-3,3;-4,4;-4,5;-5,5;-5,4;-6,4;-7,5;-6,5
6;0,0;-1,0;-2,0;-2,-1;-3,-1;-2,-2
8;0,0;0,1;1,1;1,2;2,1;1,3;2,2;1,4
5;0,0;0,1;-1,0;-2,0;-2,1
10;0,0;1,-1;-1,0;0,-1;-2,0;-2,-1;-3,0;-3,1;-2,1;-1,1
5;0,0;-1,0;0,-1;1,-1;2,-1
9;0,0;0,1;1,1;2,0;1,0;1,-1;2,-2;2,-3;3,-3
6;0,0;1,-1;0,-1;-1,0;-1,1;-2,0
9;0,0;-1,0;-1,1;-2,1;-2,0;0,1;1,0;2,0;1,1
7;0,0;0,1;-1,2;-1,3;-2,3;0,2;1,2
13;0,0;-1,1;0,-1;1,-2;2,-2;3,-3;4,-4;4,-5;3,-5;2,-5;2,-4;3,-4;4,-3
7;0,0;-1,0;1,0;0,1;0,2;1,2;2,2
2;0,0;1,0
7;0,0;0,1;0,2;-1,2;-2,2;-3,2;-3,3
2;0,0;1,-1
9;0,0;-1,0;1,-1;1,0;0,1;-1,2;0,2;-1,3;-2,3
3;0,0;0,1;-1,1
10;0,0;1,-1;1,0;1,-2;1,-3;1,-4;1,-5;2,-6;2,-7;3,-8
3;0,0;-1,0;-1,-1
7;0,0;0,1;1,0;0,-1;1,-1;1,-2;1,-3
4;0,0;0,1;1,1;2,1
10;0,0;1,-1;0,-1;-1,-1;-1,0;-2,0;-2,1;-2,2;-1,1;0,1
5;0,0;1,0;1,1;0,2;-1,3
10;0,0;0,1;1,0;0,2;-1,3;-2,3;-2,2;-3,3;-4,3;-3,2
5;0,0;1,-1;0,-1;-1,0;-2,0
10;0,0;-1,0;-2,0;-2,1;-2,-1;-3,2;-3,3;-2,2;-1,2;-1,1
4;0,0;0,1;0,2;1,0
12;0,0;1,-1;1,-2;2,-2;2,-3;2,-4;3,-4;3,-5;4,-5;4,-4;3,-3;3,-2
5;0,0;1,-1;-1,0;0,-1;1,-2
8;0,0;1,0;1,1;2,1;3,0;3,1;2,2;1,2
5;0,0;0,1;-1,1;-1,2;-2,1
15;0,0;1,-1;1,0;0,1;0,2;1,1;2,1;2,2;3,1;4,1;3,2;3,3;3,4;2,5;1,5
7;0,0;1,0;1,-1;1,-2;0,-1;-1,-1;-2,-1
12;0,0;0,1;-1,2;-1,1;-1,0;0,-1;1,-2;1,-1;2,-1;3,-2;2,-2;3,-3
6;0,0;1,-1;0,-1;0,1;-1,1;-1,2
2;0,0;1,0
9;0,0;0,1;1,0;2,-1;2,-2;1,-2;0,-2;1,-3;2,-3
3;0,0;0,-1;-1,0
8;0,0;1,-1;2,-2;0,1;-1,2;0,2;-1,3;-2,4
3;0,0;1,0;2,0
7;0,0;0,-1;0,1;-1,2;-2,2;-3,2;-4,3
4;0,0;1,-1;1,-2;1,-3
7;0,0;1,0;0,1;1,-1;1,1;2,0;2,1
5;0,0;0,1;1,0;2,0;2,-1
8;0,0;1,-1;2,-1;2,-2;2,0;1,0;0,1;1,1
5;0,0;-1,1;-1,0;-2,1;-2,2
11;0,0;1,0;1,1;2,0;2,-1;2,-2;3,-2;3,-3;2,-3;1,-3;2,-4
4;0,0;0,-1;1,-2;1,-1
8;0,0;1,-1;2,-1;2,-2;3,-3;4,-4;4,-5;4,-6
4;0,0;1,0;0,1;-1,1
14;0,0;0,-1;0,-2;0,-3;1,-4;2,-5;3,-5;3,-6;3,-7;4,-8;4,-7;5,-7;5,-8;5,-9
5;0,0;1,-1;1,0;0,-1;1,-2
8;0,0;1,0;2,-1;3,-1;4,-2;4,-1;5,-2;3,0
8;0,0;0,1;1,1;2,0;2,1;1,2;1,3;0,3
12;0,0;0,-1;0,-2;-1,-1;-2,0;-3,0;-2,-1;-1,-2;-2,-2;-3,-2;-3,-1;-4,0
6;0,0;-1,1;-1,2;0,1;0,2;1,0
2;0,0;1,0
6;0,0;0,-1;-1,0;-1,-1;-1,-2;-2,0
2;0,0;1,-1
6;0,0;1,0;1,1;0,1;-1,0;0,-1
3;0,0;0,-1;0,-2
9;0,0;1,-1;2,-2;3,-3;3,-2;2,-1;4,-2;4,-1;3,0
4;0,0;-1,1;0,1;1,0
9;0,0;1,0;-1,1;-1,2;-1,3;0,3;-1,4;-2,5;-2,4
2;0,0;0,-1
10;0,0;-1,1;0,1;0,-1;1,-2;2,-2;1,-1;2,-1;2,0;3,-1
4;0,0;1,0;0,1;1,-1
9;0,0;0,-1;-1,-1;0,-2;1,-2;1,-3;1,-4;0,-4;0,-3
3;0,0;1,-1;1,0
6;0,0;1,0;1,-1;0,1;0,2;-1,2
4;0,0;-1,0;-2,1;-3,1
6;0,0;0,-1;-1,0;0,1;-1,1;-2,1
7;0,0;-1,1;-2,1;-2,2;-3,3;-4,4;-3,4
9;0,0;1,0;1,1;1,-1;0,-1;1,-2;0,1;1,2;2,1
7;0,0;0,-1;0,-2;1,-2;2,-3;3,-4;4,-5
14;0,0;-1,1;-2,2;-3,2;-3,1;-2,1;-2,3;-1,3;-1,4;0,4;1,4;2,4;1,5;2,5
6;0,0;1,0;2,-1;2,0;2,1;1,1
10;0,0;0,-1;1,-1;2,-2;2,-1;3,-2;2,-3;3,-3;1,-3;0,-3
7;0,0;1,-1;1,-2;0,-1;-1,0;-2,0;-1,-1
2;0,0;-1,1
8;0,0;-1,0;0,-1;-1,1;-2,2;-2,1;-3,1;-2,0
2;0,0;0,-1
7;0,0;-1,1;0,1;1,1;2,1;2,2;3,1
3;0,0;1,0;1,-1
10;0,0;0,-1;-1,0;-2,0;-1,-1;-1,-2;-1,-3;-2,-3;-3,-2;-1,-4
2;0,0;-1,1
8;0,0;1,0;2,0;3,-1;3,0;4,0;1,-1;2,-1
5;0,0;-1,0;-1,-1;-2,0;-2,1
5;0,0;0,-1;-1,0;-1,-1;0,-2
3;0,0;-1,1;0,1
5;0,0;0,-1;1,0;2,0;3,-1
9;0,0;1,-1;2,-2;3,-3;3,-2;2,-1;2,-3;3,-4;4,-3
7;0,0;1,0;2,0;1,1;2,1;1,2;0,2
11;0,0;0,-1;1,-1;2,-2;2,-1;3,-1;4,-2;4,-1;3,-2;2,0;3,0
7;0,0;1,-1;1,-2;0,-1;0,-2;-1,-1;-2,-1
15;0,0;-1,1;-2,2;-2,1;-2,0;-1,-1;-1,-2;0,-3;1,-4;1,-5;0,-5;-1,-5;-1,-6;-1,-7;-2,-6
4;0,0;1,0;2,-1;3,-1
13;0,0;0,-1;1,-1;2,-1;2,-2;3,-1;4,-2;5,-2;5,-3;4,-3;5,-4;4,-4;4,-5
6;0,0;-1,1;-1,0;-2,0;0,-1;-1,-1