45
20
152
1,5
1,6
1,18
2,4
2,5
2,17
2,18
3,3
3,16
3,17
3,18
4,2
4,13
4,15
4,16
4,17
4,18
5,1
5,2
5,3
5,12
5,13
5,14
5,15
5,16
5,17
5,18
6,2
6,5
6,6
6,11
6,12
6,13
7,1
7,2
7,3
7,4
7,5
7,9
7,10
7,11
7,12
7,13
8,8
8,9
9,5
9,6
10,3
10,4
10,5
10,6
11,1
11,2
11,3
11,6
12,1
12,3
13,1
13,6
14,5
14,17
15,3
15,4
15,16
16,1
16,2
16,3
16,4
16,5
16,6
16,15
17,1
17,3
17,11
17,12
17,13
17,14
17,15
17,16
17,17
18,1
18,2
18,6
18,13
19,5
19,12
20,3
20,4
20,11
20,16
20,17
21,1
21,2
21,3
21,4
21,5
21,6
21,15
21,16
22,1
22,3
22,14
23,1
23,2
23,13
24,12
24,13
24,14
25,5
25,6
25,13
25,16
25,17
26,1
26,2
26,3
26,4
26,5
26,12
26,13
26,14
26,15
26,16
27,3
28,2
28,17
29,1
29,15
29,16
30,14
30,15
31,13
31,15
32,12
32,15
32,16
32,17
33,12
33,13
33,14
33,15
35,16
35,17
36,13
36,14
36,17
37,12
37,14
37,16
38,12
38,14
38,15

115
10;0,0;-1,1;-1,0;1,0;2,-1;3,-1;3,-2;2,-2;1,-2;1,-1
4;0,0;-1,0;-1,1;0,1
10;0,0;-1,0;0,-1;-2,0;-2,1;-3,0;-3,1;-4,2;-3,2;-4,3
7;0,0;0,1;1,1;2,0;2,-1;3,-1;3,0
8;0,0;-1,1;-2,1;-2,2;-3,2;-3,1;-1,2;0,-1
6;0,0;-1,0;-1,1;-1,-1;0,-2;1,-3
11;0,0;0,1;1,1;2,1;3,0;3,-1;4,-2;4,-1;4,0;3,-2;2,-1
8;0,0;-1,1;-2,2;-1,2;-1,3;-1,4;-1,5;-2,6
8;0,0;-1,0;1,-1;0,-1;-1,1;-2,1;0,1;1,1
8;0,0;0,-1;-1,-1;-2,0;-2,1;-3,1;-4,1;-3,0
2;0,0;0,1
7;0,0;1,-1;2,-2;1,-2;0,-1;0,-2;-1,-1
2;0,0;-1,0
7;0,0;0,1;-1,1;-1,2;-2,2;-3,2;-4,3
3;0,0;-1,1;-1,2
7;0,0;-1,0;-1,-1;0,-1;1,-2;2,-2;2,-3
4;0,0;0,1;-1,2;-2,2
10;0,0;-1,1;-2,1;-1,0;0,1;0,2;1,2;0,3;1,3;2,2
4;0,0;-1,0;-2,0;-3,1
9;0,0;-1,0;-1,1;0,-1;1,-2;-1,-1;-2,0;-2,-1;-3,1
3;0,0;0,1;-1,1
10;0,0;1,-1;0,-1;0,-2;1,-2;2,-2;3,-3;4,-3;5,-3;4,-2
4;0,0;-1,0;-2,0;1,0
9;0,0;0,1;1,1;0,2;1,-1;0,-1;1,-2;1,-3;0,-2
6;0,0;-1,1;-1,0;1,0;2,-1;3,-2
11;0,0;-1,0;-2,1;-1,1;0,1;1,0;2,-1;1,-1;2,-2;3,-2;1,-2
6;0,0;0,1;1,0;-1,1;-1,2;-1,3
8;0,0;0,1;1,1;0,2;1,0;2,-1;2,-2;1,-1
6;0,0;1,-1;1,0;0,-1;-1,-1;0,-2
8;0,0;-1,0;-1,-1;-2,1;-2,0;-3,2;-2,2;-1,2
8;0,0;0,1;-1,2;-2,2;-2,3;-2,4;-1,3;0,2
11;0,0;1,-1;2,-2;3,-2;3,-1;2,-1;2,0;1,0;3,0;4,0;5,-1
5;0,0;-1,0;-1,1;0,1;1,0
2;0,0;0,1
9;0,0;-1,1;-1,2;0,1;-1,0;-1,-1;-2,0;-2,-1;-1,-2
3;0,0;1,-1;2,-2
10;0,0;1,0;2,0;2,1;1,1;3,1;4,0;4,1;5,0;6,0
3;0,0;0,1;-1,1
11;0,0;1,-1;1,0;2,0;3,0;4,-1;5,-2;6,-2;5,-1;6,-1;7,-2
4;0,0;-1,0;-2,1;-3,1
9;0,0;0,1;1,0;2,0;3,0;3,1;2,1;1,1;2,2
5;0,0;1,-1;2,-1;3,-2;3,-1
12;0,0;-1,0;-1,-1;-2,0;-3,0;-3,-1;-4,0;-5,0;-5,-1;-6,0;-6,1;-7,0
5;0,0;0,1;0,2;1,1;1,0
6;0,0;0,1;1,0;1,1;2,0;2,-1
10;0,0;-1,1;-1,0;1,0;2,-1;3,-1;3,-2;2,-2;1,-2;1,-1
4;0,0;-1,0;-1,1;0,1
10;0,0;-1,0;0,-1;-2,0;-2,1;-3,0;-3,1;-4,2;-3,2;-4,3
7;0,0;0,1;1,1;2,0;2,-1;3,-1;3,0
8;0,0;-1,1;-2,1;-2,2;-3,2;-3,1;-1,2;0,-1
6;0,0;-1,0;-1,1;-1,-1;0,-2;1,-3
11;0,0;0,1;1,1;2,1;3,0;3,-1;4,-2;4,-1;4,0;3,-2;2,-1
8;0,0;-1,1;-2,2;-1,2;-1,3;-1,4;-1,5;-2,6
8;0,0;-1,0;1,-1;0,-1;-1,1;-2,1;0,1;1,1
8;0,0;0,-1;-1,-1;-2,0;-2,1;-3,1;-4,1;-3,0
2;0,0;0,1
7;0,0;1,-1;2,-2;1,-2;0,-1;0,-2;-1,-1
2;0,0;-1,0
7;0,0;0,1;-1,1;-1,2;-2,2;-3,2;-4,3
3;0,0;-1,1;-1,2
7;0,0;-1,0;-1,-1;0,-1;1,-2;2,-2;2,-3
4;0,0;0,1;-1,2;-2,2
10;0,0;-1,1;-2,1;-1,0;0,1;0,2;1,2;0,3;1,3;2,2
4;0,0;-1,0;-2,0;-3,1
9;0,0;-1,0;-1,1;0,-1;1,-2;-1,-1;-2,0;-2,-1;-3,1
3;0,0;0,1;-1,1
10;0,0;1,-1;0,-1;0,-2;1,-2;2,-2;3,-3;4,-3;5,-3;4,-2
4;0,0;-1,0;-2,0;1,0
9;0,0;0,1;1,1;0,2;1,-1;0,-1;1,-2;1,-3;0,-2
6;0,0;-1,1;-1,0;1,0;2,-1;3,-2
11;0,0;-1,0;-2,1;-1,1;0,1;1,0;2,-1;1,-1;2,-2;3,-2;1,-2
6;0,0;0,1;1,0;-1,1;-1,2;-1,3
8;0,0;0,1;1,1;0,2;1,0;2,-1;2,-2;1,-1
6;0,0;1,-1;1,0;0,-1;-1,-1;0,-2
8;0,0;-1,0;-1,-1;-2,1;-2,0;-3,2;-2,2;-1,2
8;0,0;0,1;-1,2;-2,2;-2,3;-2,4;-1,3;0,2
11;0,0;1,-1;2,-2;3,-2;3,-1;2,-1;2,0;1,0;3,0;4,0;5,-1
5;0,0;-1,0;-1,1;0,1;1,0
2;0,0;0,1
9;0,0;-1,1;-1,2;0,1;-1,0;-1,-1;-2,0;-2,-1;-1,-2
3;0,0;1,-1;2,-2
10;0,0;1,0;2,0;2,1;1,1;3,1;4,0;4,1;5,0;6,0
3;0,0;0,1;-1,1
11;0,0;1,-1;1,0;2,0;3,0;4,-1;5,-2;6,-2;5,-1;6,-1;7,-2
4;0,0;-1,0;-2,1;-3,1
9;0,0;0,1;1,0;2,0;3,0;3,1;2,1;1,1;2,2
5;0,0;1,-1;2,-1;3,-2;3,-1
12;0,0;-1,0;-1,-1;-2,0;-3,0;-3,-1;-4,0;-5,0;-5,-1;-6,0;-6,1;-7,0
5;0,0;0,1;0,2;1,1;1,0
6;0,0;0,1;1,0;1,1;2,0;2,-1
10;0,0;-1,1;-1,0;1,0;2,-1;3,-1;3,-2;2,-2;1,-2;1,-1
4;0,0;-1,0;-1,1;0,1
10;0,0;-1,0;0,-1;-2,0;-2,1;-3,0;-3,1;-4,2;-3,2;-4,3
7;0,0;0,1;1,1;2,0;2,-1;3,-1;3,0
8;0,0;-1,1;-2,1;-2,2;-3,2;-3,1;-1,2;0,-1
6;0,0;-1,0;-1,1;-1,-1;0,-2;1,-3
11;0,0;0,1;1,1;2,1;3,0;3,-1;4,-2;4,-1;4,0;3,-2;2,-1
8;0,0;-1,1;-2,2;-1,2;-1,3;-1,4;-1,5;-2,6
8;0,0;-1,0;1,-1;0,-1;-1,1;-2,1;0,1;1,1
8;0,0;0,-1;-1,-1;-2,0;-2,1;-3,1;-4,1;-3,0
7;0,0;1,-1;2,-2;1,-2;0,-1;0,-2;-1,-1
7;0,0;0,1;-1,1;-1,2;-2,2;-3,2;-4,3
3;0,0;-1,1;-1,2
7;0,0;-1,0;-1,-1;0,-1;1,-2;2,-2;2,-3
4;0,0;0,1;-1,2;-2,2
10;0,0;-1,1;-2,1;-1,0;0,1;0,2;1,2;0,3;1,3;2,2
4;0,0;-1,0;-2,0;-3,1
9;0,0;-1,0;-1,1;0,-1;1,-2;-1,-1;-2,0;-2,-1;-3,1
3;0,0;0,1;-1,1
10;0,0;1,-1;0,-1;0,-2;1,-2;2,-2;3,-3;4,-3;5,-3;4,-2
4;0,0;-1,0;-2,0;1,0
9;0,0;0,1;1,1;0,2;1,-1;0,-1;1,-2;1,-3;0,-2
6;0,0;-1,1;-1,0;1,0;2,-1;3,-2
11;0,0;-1,0;-2,1;-1,1;0,1;1,0;2,-1;1,-1;2,-2;3,-2;1,-2
6;0,0;0,1;1,0;-1,1;-1,2;-1,3