30
30
29
1,4
2,9
3,18
3,22
5,11
7,1
7,4
8,13
8,27
9,13
10,7
10,19
14,3
14,9
14,15
14,25
18,19
19,11
20,2
20,26
23,28
24,15
24,20
24,23
25,4
26,3
26,4
26,9
28,25

150
9;0,0;0,1;1,0;-1,1;-1,0;0,-1;1,-1;1,-2;2,-3
2;0,0;1,0
7;0,0;0,-1;1,-2;2,-3;3,-3;3,-4;4,-4
2;0,0;1,-1
10;0,0;1,0;1,-1;0,-1;-1,-1;-2,-1;-1,-2;0,-2;0,-3;1,-4
4;0,0;0,1;0,2;0,3
11;0,0;1,-1;1,-2;1,-3;0,-3;-1,-2;-2,-1;-1,-1;-2,-2;-2,-3;-2,-4
5;0,0;-1,1;-2,2;-1,2;-2,3
9;0,0;1,0;2,0;3,-1;4,-1;3,-2;4,-3;4,-2;5,-3
4;0,0;0,-1;1,-1;-1,0
12;0,0;1,-1;1,0;0,1;1,1;1,2;2,1;3,1;4,0;3,0;2,0;4,-1
5;0,0;1,0;2,-1;3,-2;4,-3
12;0,0;0,-1;-1,0;-1,1;-2,1;-3,1;-3,2;-4,2;-2,0;-1,-1;-1,-2;0,-2
7;0,0;1,-1;0,-1;0,-2;1,-3;1,-4;0,-4
8;0,0;1,0;2,0;2,1;1,1;0,2;0,1;-1,1
6;0,0;1,0;1,-1;0,-1;-1,0;-1,1
13;0,0;0,-1;-1,0;1,0;1,-1;1,-2;2,-2;2,-1;3,-2;3,-1;2,0;1,1;3,0
7;0,0;-1,1;-1,0;-2,1;-3,1;-4,1;-5,2
12;0,0;1,0;2,0;3,-1;3,0;3,1;4,1;4,0;5,0;2,-1;2,-2;1,-1
7;0,0;0,-1;0,-2;-1,-1;-2,0;-3,1;-3,2
10;0,0;1,-1;1,-2;1,-3;1,-4;0,-4;1,-5;2,-5;2,-6;1,-6
7;0,0;1,0;0,1;0,2;1,1;2,0;2,1
2;0,0;0,-1
9;0,0;1,-1;2,-1;3,-1;2,0;1,0;-1,1;-2,2;-1,2
3;0,0;-1,1;-1,0
8;0,0;-1,0;-1,1;0,1;-1,2;-2,3;-2,4;-1,3
3;0,0;0,-1;1,-2
9;0,0;-1,1;0,1;1,0;2,-1;3,-2;2,-2;1,-1;1,-2
3;0,0;1,0;0,1
5;0,0;0,-1;1,-2;1,-1;2,-2
4;0,0;-1,1;-2,2;-2,3
8;0,0;1,0;2,-1;1,-1;-1,0;-2,1;-1,1;0,1
4;0,0;-1,0;1,0;1,1
10;0,0;0,-1;0,-2;-1,-2;-2,-1;-3,0;-1,-1;-1,0;-2,1;-3,2
6;0,0;-1,1;-1,2;-2,3;-2,4;-1,4
9;0,0;-1,0;0,-1;1,-2;2,-3;2,-4;1,-3;2,-5;3,-4
5;0,0;0,-1;1,-1;1,0;-1,-1
13;0,0;-1,1;-2,1;-2,2;-1,2;-2,3;-1,3;0,1;0,2;1,1;2,1;2,0;3,0
5;0,0;1,0;1,1;1,-1;-1,1
9;0,0;0,-1;0,-2;1,-2;-1,-1;-1,-2;1,-3;0,-3;1,-4
5;0,0;-1,1;-2,2;-3,2;-3,3
14;0,0;-1,1;0,1;1,1;0,2;-1,3;0,3;-2,3;-3,3;-4,3;-3,2;-3,1;-4,2;-5,3
5;0,0;-1,0;-2,0;-1,-1;0,-2
2;0,0;0,-1
6;0,0;-1,1;0,-1;0,-2;-1,-1;-1,0
2;0,0;-1,0
9;0,0;0,-1;-1,-1;-1,-2;-1,-3;0,-4;1,-5;-1,-4;-1,-5
3;0,0;-1,1;-1,2
10;0,0;1,0;1,-1;2,-1;2,0;2,1;3,-1;3,-2;4,-3;5,-4
3;0,0;-1,0;-2,1
8;0,0;0,1;-1,1;-2,2;-2,3;-3,3;-3,4;-4,5
4;0,0;-1,1;-2,1;-1,0
6;0,0;-1,0;-1,1;-1,2;-2,2;-2,1
5;0,0;0,-1;0,-2;0,-3;1,-4
7;0,0;-1,1;-2,2;-2,3;-2,1;-1,2;0,2
6;0,0;-1,0;-2,0;-3,0;-2,-1;-3,-1
9;0,0;0,-1;1,-1;0,1;-1,2;0,2;1,1;1,2;0,3
5;0,0;0,1;-1,1;-2,2;-3,3
8;0,0;-1,1;-2,2;-1,2;-2,1;-3,1;-2,0;-1,0
6;0,0;-1,0;0,-1;-2,1;-2,0;-3,0
9;0,0;0,1;1,1;1,0;1,-1;-1,1;0,2;-2,1;-2,2
6;0,0;-1,1;-1,2;-1,3;0,2;0,1
14;0,0;-1,0;-1,-1;-1,-2;-1,-3;-1,-4;-1,-5;-2,-5;0,-4;1,-4;2,-5;2,-4;3,-5;4,-5
6;0,0;0,-1;-1,0;1,-1;1,0;0,1
14;0,0;-1,1;-1,0;-1,2;-2,2;-3,2;-3,3;-3,4;-4,4;-4,5;-4,6;-5,7;-6,8;-7,9
6;0,0;-1,0;-1,1;-2,2;1,-1;0,-1
2;0,0;-1,0
8;0,0;0,1;0,2;1,1;0,3;0,4;-1,5;-1,4
2;0,0;-1,1
9;0,0;-1,0;0,-1;1,-2;0,-2;-1,-1;-2,0;-2,1;-3,2
3;0,0;0,1;-1,1
7;0,0;-1,1;-1,2;-2,2;-2,1;-1,0;-3,2
4;0,0;-1,0;-2,1;-1,1
7;0,0;0,-1;1,-2;2,-3;1,-3;2,-2;2,-4
5;0,0;0,1;1,1;0,2;0,3
8;0,0;1,-1;1,-2;0,-1;-1,0;-1,1;0,-2;0,-3
4;0,0;-1,0;-1,1;-1,-1
11;0,0;0,1;1,0;1,1;2,0;-1,1;-1,0;-1,-1;0,-1;1,-2;2,-2
6;0,0;-1,1;-2,2;-2,1;-2,0;-2,-1
10;0,0;-1,0;-2,0;0,-1;-2,1;-1,1;1,-1;2,-2;1,-2;2,-3
7;0,0;0,1;0,2;-1,2;-1,3;-2,3;-2,2
12;0,0;-1,1;-1,0;-2,1;-3,2;-3,1;-4,1;-5,1;-5,0;-6,1;-6,0;-6,-1
7;0,0;1,-1;2,-2;3,-3;3,-2;2,-1;3,-1
11;0,0;-1,0;-1,1;-2,2;-2,3;-3,4;-2,4;-2,5;-3,5;-4,5;-5,6
8;0,0;0,1;-1,1;-1,0;-1,-1;0,-2;0,-3;0,-4
7;0,0;1,-1;1,0;2,-2;1,-2;0,-1;2,-1
8;0,0;-1,0;0,-1;1,-1;1,-2;2,-1;2,0;1,0
12;0,0;0,1;-1,2;-2,2;-1,1;1,0;2,-1;3,-2;4,-2;3,-1;2,-2;1,-2
7;0,0;-1,1;-2,1;-1,2;-2,2;-3,3;-2,3
2;0,0;-1,0
9;0,0;0,1;-1,1;-1,2;-2,3;-3,3;-4,4;-5,5;-6,6
3;0,0;0,1;-1,2
6;0,0;1,-1;0,1;0,-1;-1,0;-1,1
3;0,0;-1,0;-2,0
8;0,0;0,1;0,2;1,2;1,1;2,0;1,0;3,-1
4;0,0;1,-1;1,-2;2,-2
10;0,0;-1,0;-2,1;-3,1;-3,2;-4,2;-5,2;-6,3;-6,2;-6,1
5;0,0;0,1;-1,1;-2,2;-3,3
12;0,0;-1,1;0,1;1,0;1,1;0,2;0,3;1,2;2,1;2,2;1,3;1,4
5;0,0;1,-1;1,-2;0,-1;-1,0
10;0,0;1,0;0,1;0,-1;0,-2;-1,-2;-2,-1;-1,-1;-2,0;-1,0
5;0,0;0,1;1,0;1,1;2,0
9;0,0;1,-1;2,-1;1,-2;3,-1;4,-2;5,-3;6,-4;5,-4
6;0,0;-1,0;1,0;2,-1;3,-2;3,-3
9;0,0;0,1;1,0;1,1;0,2;0,3;0,4;0,5;1,4
4;0,0;1,-1;0,1;1,1
13;0,0;-1,0;0,-1;-1,1;-2,2;0,1;1,0;1,1;1,2;2,1;3,1;2,2;1,3
5;0,0;1,0;2,0;3,-1;1,-1
4;0,0;1,0;2,-1;2,0
13;0,0;0,-1;1,-1;1,-2;0,-2;-1,-1;-1,-2;0,-3;0,-4;0,-5;1,-6;1,-7;0,-6
6;0,0;1,-1;0,-1;1,-2;0,-2;0,-3
11;0,0;1,0;1,1;0,1;-1,1;-1,0;0,2;1,2;1,3;2,3;3,2
5;0,0;0,-1;0,-2;1,-2;1,-1
11;0,0;1,-1;2,-1;3,-1;4,-2;5,-2;4,-1;4,0;4,1;5,0;6,0
7;0,0;1,0;-1,1;-1,2;0,1;0,2;0,3
7;0,0;0,1;1,1;1,0;2,0;2,1;-1,1
6;0,0;0,-1;0,-2;-1,-1;-1,-2;0,-3
2;0,0;-1,1
10;0,0;1,0;0,1;-1,1;-1,0;-2,0;-3,1;-3,0;-4,0;-5,1
3;0,0;0,-1;-1,-1
8;0,0;1,-1;1,0;0,1;-1,2;0,2;0,3;1,2
3;0,0;1,0;1,-1
7;0,0;0,-1;-1,0;1,-2;2,-3;1,-1;2,-2
4;0,0;1,-1;2,-2;2,-1
9;0,0;1,0;2,0;2,-1;2,-2;1,1;0,2;-1,3;-1,2
3;0,0;1,0;1,-1
11;0,0;0,-1;-1,0;-1,-1;-2,-1;-1,-2;0,-3;1,-3;0,-2;1,-2;2,-3
4;0,0;-1,1;-1,0;-2,0
9;0,0;1,0;1,1;0,2;0,1;1,-1;2,-1;3,-1;2,-2
5;0,0;0,-1;1,-1;2,-2;3,-2
6;0,0;1,-1;1,-2;0,-1;2,-3;2,-2
4;0,0;1,0;0,1;-1,2
13;0,0;0,-1;1,-2;1,-1;2,-2;2,-3;3,-4;4,-5;5,-6;5,-7;4,-7;3,-6;2,-5
6;0,0;0,-1;1,-1;1,-2;0,-2;1,-3
8;0,0;-1,1;-1,0;0,-1;-1,-1;1,-1;1,0;2,0
6;0,0;1,0;1,1;0,1;-1,1;-1,2
10;0,0;0,-1;1,-2;0,-2;0,-3;-1,-2;-2,-1;-1,-1;-1,-3;-1,-4
8;0,0;-1,1;-2,2;-3,3;-2,3;-3,4;-3,5;-4,5
13;0,0;1,0;2,0;3,-1;3,0;2,-1;1,-1;0,-1;1,-2;1,-3;0,-3;0,-2;-1,-1
7;0,0;0,-1;0,-2;1,-1;-1,0;-1,-1;-1,-2
2;0,0;1,-1
6;0,0;-1,1;0,1;-1,0;-1,-1;-2,1
2;0,0;-1,0
8;0,0;0,-1;-1,-1;-1,0;0,1;-1,2;-1,1;-2,2
3;0,0;-1,1;-1,2
8;0,0;1,0;2,-1;2,0;3,-2;4,-2;5,-3;5,-4
4;0,0;0,-1;-1,0;-2,1
7;0,0;-1,1;-2,1;-2,0;-1,0;-2,2;-1,-1
4;0,0;1,0;1,-1;1,1
10;0,0;0,-1;-1,-1;-1,-2;-2,-1;-1,-3;0,-3;1,-3;1,-4;2,-5