30
30
84
0,6
1,6
2,6
3,6
4,6
5,6
6,6
6,13
6,14
6,15
6,16
6,17
6,18
6,19
6,20
6,21
6,22
6,23
7,6
7,13
7,23
8,6
8,13
8,23
9,6
9,13
9,23
10,6
10,13
10,23
11,6
11,13
11,23
12,6
12,13
12,23
13,6
13,13
13,16
13,23
14,6
14,13
14,16
14,23
15,6
15,13
15,16
15,23
16,6
16,13
16,14
16,15
16,16
16,23
17,6
17,23
18,6
18,23
19,6
19,23
20,6
20,23
21,6
21,23
22,6
22,23
23,6
23,7
23,8
23,9
23,10
23,11
23,12
23,13
23,14
23,15
23,16
23,17
23,18
23,19
23,20
23,21
23,22
23,23

150
10;0,0;0,1;1,1;1,2;2,2;3,2;1,3;0,3;0,4;1,4
4;0,0;-1,1;-1,0;-2,0
10;0,0;-1,0;-1,-1;0,-1;1,-1;2,-2;3,-3;2,-3;1,-3;1,-4
5;0,0;1,0;0,1;1,1;2,0
11;0,0;0,1;1,0;2,-1;1,-1;0,-1;-1,0;-2,0;-2,-1;-3,-1;-4,-1
4;0,0;1,-1;2,-1;1,0
3;0,0;1,-1;0,-1
10;0,0;1,0;2,0;2,1;1,2;0,3;-1,3;0,2;-1,2;-1,4
4;0,0;0,1;-1,1;-1,0
10;0,0;1,-1;1,0;2,0;1,1;2,-1;3,-2;4,-2;4,-1;3,-1
4;0,0;1,0;2,-1;1,-1
11;0,0;0,1;-1,2;0,2;1,1;2,1;2,2;1,3;1,4;0,5;2,3
6;0,0;0,-1;-1,-1;0,-2;0,-3;0,-4
9;0,0;1,-1;2,-1;1,0;3,-2;4,-3;5,-4;3,-1;4,-2
6;0,0;1,0;1,-1;1,-2;1,-3;2,-3
14;0,0;0,-1;-1,0;-1,1;-2,2;-2,3;-2,4;-3,5;-4,5;-3,6;-4,7;-4,8;-3,8;-2,8
6;0,0;1,-1;2,-2;2,-1;2,0;3,-1
11;0,0;1,0;-1,0;-2,1;-2,0;0,-1;-1,-1;-3,0;-3,1;-3,2;-4,2
8;0,0;0,1;0,2;1,2;1,3;0,4;-1,5;-1,6
12;0,0;1,-1;1,-2;2,-3;3,-4;4,-4;4,-5;5,-6;5,-7;4,-6;3,-6;3,-5
9;0,0;1,0;0,1;-1,2;-1,1;-1,0;-1,-1;-1,-2;0,-2
2;0,0;1,0
7;0,0;0,-1;1,-1;1,0;2,-1;3,-2;3,-1
2;0,0;1,-1
9;0,0;1,0;1,1;1,2;1,3;2,2;2,3;2,4;3,2
3;0,0;0,-1;1,-2
10;0,0;1,-1;2,-1;1,0;0,1;-1,1;-1,0;0,-1;-1,-1;0,-2
4;0,0;1,0;2,0;1,1
6;0,0;0,1;1,-1;1,-2;1,-3;0,-1
4;0,0;0,-1;-1,0;-2,1
10;0,0;-1,1;0,-1;0,-2;1,-2;2,-2;3,-3;3,-2;4,-3;4,-4
5;0,0;1,0;2,0;2,1;1,2
8;0,0;0,-1;0,-2;0,-3;1,-3;2,-4;1,-2;2,-3
6;0,0;1,-1;1,0;2,0;1,1;2,1
10;0,0;0,-1;-1,0;-1,1;0,1;1,1;1,0;2,0;3,0;4,-1
4;0,0;-1,1;-2,1;-3,1
9;0,0;1,0;1,1;0,2;-1,3;0,1;0,3;0,4;0,5
5;0,0;0,-1;0,-2;1,-3;1,-4
8;0,0;1,-1;-1,1;0,1;1,1;2,0;3,-1;3,0
4;0,0;-1,1;-2,1;-2,2
8;0,0;-1,0;0,-1;1,-2;1,-3;2,-4;0,-3;0,-2
4;0,0;0,-1;0,-2;-1,1
7;0,0;-1,1;-2,2;-3,2;-4,3;-3,3;-4,2
5;0,0;1,0;0,1;1,1;1,2
7;0,0;0,-1;-1,-1;0,-2;0,1;1,0;1,1
6;0,0;-1,1;-1,2;-2,3;-2,2;-1,3
9;0,0;1,0;1,-1;2,-2;3,-3;3,-2;1,-2;0,-1;2,-3
6;0,0;0,-1;-1,0;-1,1;1,-1;1,0
12;0,0;0,-1;1,-2;1,-3;2,-4;1,-4;0,-3;0,-4;0,-5;0,-6;-1,-6;0,-7
6;0,0;-1,1;0,1;-1,2;-2,3;-1,3
10;0,0;0,1;1,1;2,1;3,1;2,0;4,0;5,-1;4,-1;4,-2
7;0,0;1,-1;0,-1;-1,-1;-2,0;-2,1;-3,1
13;0,0;-1,0;-1,1;0,1;1,1;0,2;1,2;2,1;2,2;1,3;2,3;1,4;0,5
7;0,0;0,1;1,0;2,-1;3,-2;2,-2;1,-1
13;0,0;-1,1;-2,2;-3,3;-4,3;-4,2;-4,1;-3,1;-5,1;-6,1;-7,2;-8,2;-9,2
6;0,0;-1,0;-2,0;-1,-1;0,-2;0,-1
9;0,0;0,1;0,2;-1,1;-1,2;0,3;-1,3;-2,2;1,1
7;0,0;0,1;1,0;2,-1;3,-2;4,-2;4,-1
2;0,0;1,-1
9;0,0;-1,0;-2,1;-1,1;-2,2;-2,3;-2,4;-3,4;-3,3
3;0,0;0,1;-1,1
10;0,0;1,-1;1,0;0,1;-1,2;-2,2;-3,2;-4,2;-5,2;-5,1
3;0,0;-1,0;-1,-1
6;0,0;0,1;-1,2;-2,3;-2,2;-1,1
4;0,0;-1,1;-2,1;-2,0
8;0,0;-1,0;0,1;1,0;1,-1;2,-1;2,0;3,-1
5;0,0;1,0;1,-1;2,-1;3,-1
11;0,0;0,1;-1,2;-2,2;-3,3;-3,4;-2,3;-1,3;-2,4;-1,4;-1,5
5;0,0;1,-1;2,-2;3,-2;4,-2
6;0,0;-1,0;1,-1;0,1;-1,1;-2,2
6;0,0;0,1;0,2;-1,3;-2,3;-2,4
10;0,0;1,-1;1,-2;2,-3;3,-4;0,-2;0,-1;-1,0;1,-3;0,-3
7;0,0;-1,0;-2,1;-2,2;-3,2;-4,2;-4,3
10;0,0;0,1;1,0;1,-1;2,-2;2,-3;2,-4;1,-3;0,-2;1,-2
7;0,0;0,1;1,1;2,1;3,1;2,2;3,2
13;0,0;1,-1;1,-2;2,-2;1,0;2,0;2,-1;3,-2;4,-2;4,-1;4,0;5,0;5,-1
6;0,0;1,0;1,1;0,1;2,0;3,-1
9;0,0;0,1;1,0;-1,2;-2,2;-2,1;-3,2;-3,3;-4,3
8;0,0;1,-1;2,-1;3,-2;3,-3;3,-1;4,-2;5,-3
11;0,0;-1,0;-2,0;-3,1;-4,1;-4,0;-5,2;-4,-1;-3,-1;-3,-2;-2,-3
7;0,0;0,1;0,-1;0,-2;-1,-2;0,-3;-2,-2
2;0,0;1,-1
8;0,0;1,-1;2,-2;1,-2;0,-1;-1,-1;-2,-1;-2,-2
3;0,0;1,0;2,0
8;0,0;0,1;-1,1;-2,1;-2,2;1,1;1,2;2,1
3;0,0;1,-1;1,0
4;0,0;1,0;2,-1;1,-1
4;0,0;0,1;-1,2;-1,1
6;0,0;1,-1;0,-1;-1,-1;-1,0;-1,1
4;0,0;-1,0;-1,1;0,-1
10;0,0;0,1;0,2;1,2;1,3;0,4;-1,5;0,5;-1,4;-2,4
5;0,0;0,-1;1,-2;0,-2;-1,-1
9;0,0;1,-1;2,-1;3,-1;3,0;1,-2;2,-3;1,-3;0,-2
4;0,0;1,0;1,-1;-1,1
13;0,0;0,1;0,2;-1,3;-1,2;-2,4;-1,4;0,3;1,2;2,1;3,1;2,2;1,3
7;0,0;1,-1;2,-2;2,-1;3,-2;4,-3;4,-4
9;0,0;1,0;0,1;0,-1;-1,-1;-1,-2;0,-2;-2,-2;-2,-1
6;0,0;0,1;-1,1;-1,2;0,2;1,2
8;0,0;1,-1;2,-1;1,0;0,1;2,-2;3,-1;1,-2
6;0,0;1,-1;1,-2;2,-2;0,-1;2,-3
10;0,0;1,0;2,0;3,0;2,1;1,2;2,2;1,3;2,3;2,4
4;0,0;0,1;1,-1;1,-2
10;0,0;1,0;2,-1;3,-2;3,-3;4,-3;4,-2;5,-3;6,-4;6,-5
3;0,0;0,1;-1,2
10;0,0;1,-1;0,-1;1,-2;1,-3;0,-2;-1,-1;-2,0;-1,0;-1,-2
4;0,0;-1,1;-1,2;-1,3
5;0,0;1,0;1,-1;1,1;2,-1
5;0,0;0,-1;-1,0;-1,-1;-2,0
10;0,0;1,-1;0,-1;1,0;1,1;2,1;3,0;3,1;1,2;2,2
4;0,0;1,0;2,0;0,1
10;0,0;0,-1;0,-2;-1,-1;-1,0;-2,0;-2,-1;0,-3;-1,-2;-1,-3
6;0,0;1,-1;2,-2;3,-3;4,-4;4,-5
11;0,0;1,0;0,1;-1,2;-1,1;-2,2;-3,2;-4,2;-5,2;-5,3;-4,3
7;0,0;0,1;-1,1;-1,0;0,-1;1,-1;2,-2
10;0,0;0,-1;1,-1;1,0;1,-2;-1,0;-2,0;-3,1;-4,2;-5,2
5;0,0;-1,1;-1,0;-1,-1;-2,0
12;0,0;1,0;0,1;-1,1;-1,2;0,2;0,3;1,3;2,3;1,2;1,1;2,0
8;0,0;0,-1;1,-2;2,-2;1,-1;1,0;2,0;1,1
14;0,0;1,-1;2,-1;3,-2;3,-1;1,0;-1,1;0,1;-1,2;-1,3;-2,3;-3,4;-2,4;-3,5
7;0,0;1,0;1,-1;1,-2;1,-3;2,-4;2,-5
12;0,0;0,-1;1,-1;1,-2;1,0;2,0;2,1;3,0;4,-1;5,-1;5,0;5,1
8;0,0;1,-1;0,1;1,0;2,0;3,0;4,-1;4,-2
2;0,0;-1,1
8;0,0;1,0;2,0;3,0;2,1;1,2;0,3;0,4
3;0,0;0,-1;0,-2
14;0,0;0,-1;-1,-1;1,-1;1,-2;2,-3;1,-3;0,-3;0,-4;1,-5;0,-5;-1,-5;-1,-4;-2,-5
5;0,0;-1,1;-2,1;-1,0;-2,2
2;0,0;1,0
8;0,0;0,-1;1,-2;0,-2;0,-3;-1,-3;-2,-2;-1,-2
2;0,0;-1,1
7;0,0;1,0;0,1;-1,2;-2,3;-1,3;0,2
3;0,0;-1,0;-1,1
8;0,0;0,-1;0,-2;1,-2;1,-1;-1,-1;0,-3;-1,-2
4;0,0;-1,1;-2,2;-3,2
10;0,0;-1,0;-2,0;-3,1;-3,2;-4,3;-5,4;-6,5;-4,4;-5,5
4;0,0;0,-1;1,-1;2,-2
7;0,0;-1,1;-1,2;-2,3;-2,2;-2,1;-3,3
5;0,0;-1,0;-1,-1;-1,-2;-2,-2
11;0,0;0,-1;-1,0;-1,-1;-1,-2;0,-2;1,-3;1,-2;1,-1;0,1;-1,2
5;0,0;0,1;-1,1;1,1;0,2
13;0,0;-1,1;0,1;-1,2;-2,2;-2,3;-3,4;-3,5;-4,6;-4,5;-5,6;-5,7;-6,7
6;0,0;-1,0;-1,-1;0,-1;1,-1;1,-2
12;0,0;0,1;-1,2;0,2;-1,3;-2,3;-3,3;-4,4;-3,4;-4,3;-5,3;-5,2
4;0,0;-1,1;-2,1;-2,2
12;0,0;-1,0;1,-1;1,-2;1,-3;1,-4;2,-4;3,-5;3,-4;4,-4;3,-3;4,-3
7;0,0;0,-1;0,-2;-1,-1;-2,0;-2,-1;-2,-2
11;0,0;-1,1;-1,0;-1,-1;-1,-2;0,-2;1,-2;-2,0;-2,1;-2,2;-1,2
7;0,0;-1,0;-2,1;-1,1;0,1;1,0;1,1
13;0,0;-1,0;0,-1;1,-1;1,0;2,-1;3,-2;4,-2;4,-3;3,-3;4,-4;5,-4;2,-2
6;0,0;0,1;1,1;1,2;1,3;2,2