19,0;0;0
17,0;0;0
15,0;0;0
13,0;0;0
11,0;0;0
9,0;0;0
7,0;0;0
5,0;0;0
3,0;0;0
1,0;0;0
18,2;0;0
18,8;0;0
16,2;0;0
16,8;0;0
14,2;0;0
14,8;0;0
12,2;0;0
12,8;0;0
10,2;0;0
8,2;0;0
18,14;0;0
10,8;0;0
8,8;0;0
6,2;0;0
4,2;0;0
2,2;0;0
0,2;0;0
6,12;0;0
2,12;0;0
5,19;0;0
1,20;0;0
4,19;0;0
3,29;0;60
3,27;0;0
3,26;0;60
3,24;0;0
3,23;0;60
8,19;0;60
10,19;0;60
12,19;0;60
9,20;0;0
9,23;0;0
11,22;0;60
4,18;0;0
16,16;0;60
1,19;0;180
15,23;0;180
14,19;0;0
13,24;0;0
11,25;0;0
9,26;0;0
15,20;0;300
17,20;0;0
17,23;0;0
19,22;0;60
19,25;0;0
17,26;0;0
17,27;0;0
13,27;0;0
15,29;0;0
P
15,26;0;0
P
9,27;0;0
P
2,22;0;0
P
3,21;0;0
P
7,20;0;60
P
18,19;0;0
P
18,18;0;0
P
6,24;0;240
