25,28;0;240
26,29;0;0
29,29;0;300
29,27;0;120
26,25;1;0
27,25;0;0
27,23;1;300
26,26;0;60
23,24;0;120
23,26;0;0
28,18;0;120
17,28;0;60
29,16;0;0
29,12;1;180
23,19;0;240
19,27;0;240
20,24;1;120
17,27;0;120
16,29;0;240
15,25;1;300
23,20;1;240
22,20;0;180
19,23;0;0
29,10;0;120
25,24;0;60
24,13;0;300
28,22;0;300
12,28;0;0
27,10;0;0
27,9;0;0
21,18;0;180
10,28;0;0
25,12;0;0
10,27;0;0
15,21;0;240
29,6;1;240
25,11;0;0
13,23;1;0
13,22;0;0
25,7;0;60
29,0;0;300
17,19;0;180
24,11;0;0
13,29;0;60
5,28;1;60
16,22;0;0
17,14;1;60
22,14;0;180
16,20;1;0
17,15;0;300
9,24;1;60
27,3;0;120
13,20;0;0
3,29;0;300
14,16;0;180
17,13;0;180
21,12;1;120
17,12;0;240
1,28;0;180
8,23;0;300
8,22;0;240
6,23;1;0
P
13,18;0;60
0,26;1;240
27,1;0;0
19,17;0;0
23,9;0;180
11,20;0;0
10,18;0;120
1,26;0;0
1,24;1;180
24,7;0;120
2,19;0;120
13,16;0;180
16,12;1;240
3,24;1;0
24,1;0;120
21,3;1;0
7,20;0;0
2,18;1;0
14,11;1;300
23,4;1;240
13,8;1;0
17,7;0;240
5,19;0;0
10,15;1;300
14,6;0;60
20,3;1;60
10,17;0;60
11,11;1;180
20,10;0;180
19,9;0;0
21,2;0;120
10,12;1;60
4,19;1;0
15,6;0;60
22,0;0;60
10,9;0;120
7,16;0;0
15,2;0;180
18,1;0;0
P
6,15;0;300
18,0;0;120
12,4;0;120
4,13;1;300
0,19;1;60
10,6;0;120
6,8;1;0
9,3;1;180
4,6;0;0
6,14;0;240
2,3;1;180
3,11;0;180
5,3;0;180
4,11;0;240
6,5;0;120
11,0;0;0
19,3;0;300
1,8;0;0
8,2;0;0
0,6;0;60
0,9;0;300
P
5,0;0;60
P
0,15;1;0
P
2,12;0;240
2,0;1;120
0,3;1;240
P
0,0;1;120
P
P
P
P
P
P
10,2;0;120
P
0,14;0;60
P
P
P
P
P
P
P
