P
7,14;0;240
9,14;1;120
11,16;0;300
8,18;1;0
14,14;0;60
7,20;0;60
9,19;1;240
8,21;0;0
13,21;1;60
11,21;0;60
16,17;0;240
22,9;1;120
22,15;0;240
14,22;1;0
P
16,20;1;60
21,17;1;180
21,20;1;60
14,12;0;60
21,21;1;300
9,22;0;0
19,22;1;0
20,19;0;0
21,7;1;0
16,12;0;120
14,10;0;240
17,7;0;0
15,7;0;120
13,7;0;240
8,11;1;60
18,10;0;300
7,7;0;120
5,8;0;0
5,13;1;120
11,11;0;0
2,10;1;240
1,12;1;60
1,7;0;60
0,10;1;0
0,14;1;60
12,11;0;0
4,15;1;120
4,7;0;120
3,16;0;120
3,17;1;60
4,17;0;120
4,21;0;180
1,24;1;60
3,19;0;60
12,25;0;180
11,25;0;180
5,27;1;240
3,28;0;60
P
11,29;0;0
4,25;1;60
4,27;0;180
9,16;0;0
16,26;0;60
13,28;0;0
18,26;1;180
0,27;0;180
15,29;0;120
17,29;0;60
18,28;1;180
21,26;0;240
25,26;1;60
25,22;0;180
25,27;0;0
0,26;0;180
22,26;0;60
29,25;0;60
28,23;0;300
29,21;0;180
29,14;1;240
26,18;1;0
25,14;1;0
29,27;1;300
24,13;0;120
27,11;1;120
5,25;0;60
29,6;1;180
15,22;0;0
27,6;0;120
25,13;0;0
29,4;0;120
29,12;0;0
28,3;0;60
25,6;0;60
21,4;1;240
29,26;0;300
22,3;0;240
17,26;1;60
24,4;1;120
18,4;1;300
16,3;0;120
15,2;0;60
11,5;0;300
26,2;1;60
10,5;0;180
25,10;0;0
16,0;1;300
22,1;0;240
6,5;0;0
18,1;1;240
16,1;0;0
29,29;0;0
5,1;1;300
3,9;0;300
0,2;0;180
P
P
P
P
6,2;0;60
P
P
P
P
P
P
10,3;0;0
P
9,27;0;0
P
24,22;0;120
28,17;0;0
P
22,16;0;60
P
20,3;0;60
P
3,3;0;120
P
12,0;0;240
P
P
P
P
P
P
P
24,11;0;120
P
P
P
1,1;0;180
P
P
