P
P
P
P
P
P
57,0;0;120
54,6;0;0
P
P
58,1;1;60
45,10;0;240
49,9;0;0
P
P
P
52,14;0;0
P
63,6;1;300
P
P
P
50,19;0;120
59,15;0;0
P
60,11;1;120
52,3;1;120
45,17;1;0
50,18;1;180
48,14;1;240
P
51,2;0;300
63,10;0;120
P
48,22;0;0
45,27;0;60
54,18;0;120
40,18;0;180
P
38,14;1;0
P
47,20;0;300
41,19;0;120
52,27;1;300
50,25;1;60
40,31;1;120
43,5;1;120
33,20;1;0
39,8;0;240
40,23;0;60
47,5;1;0
39,35;0;180
42,28;0;300
43,34;1;180
54,23;1;180
37,31;1;60
34,13;0;300
P
50,0;1;240
62,13;1;240
59,27;0;180
46,37;0;60
48,43;1;180
42,39;0;180
38,7;0;240
33,30;0;0
P
60,19;1;240
59,28;1;240
29,18;0;120
35,22;0;120
28,15;0;120
26,18;1;120
59,30;1;300
51,42;1;240
32,23;1;60
46,40;0;240
22,26;0;240
58,26;0;300
23,20;1;120
39,37;1;180
45,41;0;180
46,48;0;240
39,6;0;0
37,8;1;300
33,35;1;60
41,40;1;60
62,29;1;120
28,25;0;120
36,4;0;60
34,38;1;120
28,10;0;240
26,8;0;180
41,41;0;60
21,21;0;180
31,33;1;120
24,23;1;60
58,33;0;120
19,27;1;240
22,20;0;60
54,45;0;60
49,47;1;120
18,29;0;0
40,53;0;120
39,44;1;60
29,36;0;180
20,23;1;0
20,13;1;120
37,46;0;240
P
25,17;0;300
20,19;1;300
22,14;1;0
33,3;0;300
14,31;0;240
26,43;0;240
13,26;0;180
26,31;0;120
23,43;0;60
16,36;1;120
29,38;1;300
47,53;0;0
29,44;0;120
46,53;0;240
22,45;0;120
19,6;1;180
16,12;0;180
38,49;0;0
46,51;0;180
38,53;1;60
42,57;0;240
12,12;0;120
12,32;1;240
25,34;0;240
27,42;1;0
18,35;1;180
17,38;0;60
26,3;0;120
13,14;0;180
14,34;1;60
28,3;0;0
30,60;0;180
7,33;1;120
28,56;1;0
29,53;0;120
10,20;1;0
27,49;1;180
11,36;0;300
36,52;0;240
6,22;1;120
7,28;0;180
23,62;1;0
5,35;1;60
26,57;1;180
6,40;1;180
15,41;1;0
23,51;0;60
28,61;1;240
5,39;0;120
22,6;0;300
59,40;0;120
15,46;0;300
54,49;0;240
21,63;0;300
0,48;1;120
40,60;1;240
15,47;1;120
21,51;0;120
0,33;0;300
0,29;1;180
P
58,45;0;180
59,42;0;0
13,52;1;300
63,42;0;180
16,53;1;300
13,55;0;300
P
21,56;0;60
16,51;1;60
42,55;1;0
5,59;1;180
4,26;0;180
11,58;0;300
12,63;1;240
P
8,13;1;120
54,50;0;180
8,20;0;180
49,59;0;240
4,46;1;60
2,37;1;60
3,57;1;120
4,18;0;240
59,54;0;240
6,17;0;60
P
18,62;0;120
12,61;0;240
48,57;0;120
59,58;0;60
13,10;0;300
6,12;1;0
54,60;0;300
5,9;0;240
50,63;0;180
P
12,6;1;120
6,6;0;120
43,63;0;180
3,13;0;300
2,52;1;120
62,33;1;60
P
19,0;1;240
7,5;0;240
P
57,61;0;60
P
3,0;1;0
5,54;0;120
P
P
19,60;1;240
P
P
P
P
P
P
P
P
P
P
P
P
61,63;1;240
P
P
P
P
P
P
P
20,3;1;240
P
P
P
P
P
P
P
P
P
P
P
P
P
P
P
P
P
P
P
P
P
43,0;1;240
P
P
P
P
P
P
P
P
P
P
P
P
P
P
P
P
P
P
P
P
P
P
P
P
P
P
P
P
P
P
P
P
P
P
P
P
P
P
P
P
P
P
P
P
P
P
P
P
P
P
P
P
P
P
P
P
P
P
P
P
P
P
P
P
P
P
P
P
P
P
P
P
P
P
P
P
P
P
P
P
P
P
P
P
P
P
P
P
P
P
P
P
P
P
P
P
P
P
P
P
P
P
P
P
P
P
P
P
P
P
P
P
P
P
P
P
P
P
P
P
P
P
P
P
P
P
P
P
P
P
P
P
P
